42
2
2
2
3
1
3
2
1
2
4
3
2
1
4
2
5
2
7
6
7
3
1
8
1
3
3
8
2
4
5
5
5
4
7
12
7
1
7
4
6
3
7
12
6
4
4
12
5
4
3
5
6
4
2
5
7
3
6
4
1
2
6
6
5
3
5
12
4
1
5
5
4
3
4
11
7
5
1
6
1
5
2
8
3
5
3
7
7
6
2
8
4
6
3
12
1
6
4
7
1
1
1
9
4
6
6
11
1
7
2
12
2
1
2
12
3
1
6
8
5
7
3
7
4
7
6
11
6
8
6
10
4
7
5
10
3
8
7
9
6
9
2
9
3
9
5
9
7
9
1
11
5
10
1
10
5
10
2
11
4
10
6
10
7
11
2
11
3
